hotels, self_allowance, travel_prices, hotspot_price

10,50,200,30   
8,60,220,35
12,45,180,25  
9,55,210,32
11,52,190,31
7,58,230,33
13,48,170,27
8,53,220,34 
10,51,205,29
9,57,200,30
14,47,160,26
7,59,240,36 
10,54,195,28
9,51,215,34
8,47,230,35
13,59,170,29 
11,55,205,27  
12,53,180,30
7,46,245,33
14,48,165,25
10,49,190,31
8,58,235,32
9,56,220,36 
12,46,175,26
13,50,210,33
7,57,225,28
11,48,180,27
14,59,155,24 
8,52,200,29
10,54,185,30
11,51,195,30
9,55,205,34
7,52,235,31
10,50,210,28  
13,47,180,29
8,59,215,35
12,54,170,27
14,48,160,26
9,58,225,33
7,46,240,32
13, 51, 210, 29
10, 58, 190, 35  
8, 55, 225, 34
12, 48, 180, 28
11, 50, 205, 30
14, 52, 165, 27
9, 57, 215, 33
7, 54, 235, 32
10, 53, 200, 31
8, 56, 220, 36
13, 47, 195, 26  
9, 59, 210, 35 
14, 51, 170, 25
7, 46, 240, 30   
11, 49, 200, 29
12, 50, 185, 27
10, 58, 185, 33
8, 52, 230, 32
13, 48, 190, 28
9, 60, 205, 34  
7, 45, 245, 31
11, 53, 210, 30
12, 54, 180, 26 
14, 55, 160, 24
10, 57, 180, 36 
8, 47, 235, 33  
13, 46, 210, 31  
9, 56, 225, 27
7, 49, 250, 35
11, 59, 215, 30
12, 50, 170, 28
9, 46, 245, 33
10, 59, 190, 34   
11, 50, 205, 29
12, 54, 175, 26
13, 56, 165, 27
14, 57, 155, 25
8, 46, 240, 36
13, 59, 180, 28  
10, 48, 215, 32
9, 45, 220, 35
7, 49, 250, 30
12, 54, 170, 29
8, 47, 235, 31  
10, 51, 190, 27
9, 55, 200, 34
7, 53, 245, 29   
14, 49, 170, 28 
11, 46, 210, 26 
13, 58, 175, 25 
9, 60, 195, 36
7, 48, 230, 30
14, 57, 160, 24
8, 50, 225, 33 
11, 52, 200, 31   
10, 47, 220, 30
12, 53, 185, 28
13, 55, 180, 26 
10, 56, 210, 32
11, 45, 205, 25
14, 58, 150, 27
12, 59, 160, 24   
9, 52, 190, 36
8, 47, 235, 35
13, 51, 200, 30 
7, 54, 240, 31
12, 50, 185, 29  
14, 48, 160, 24
11, 46, 200, 28
10, 49, 210, 33
9, 58, 185, 36
8, 45, 220, 34  
13, 52, 195, 27
7, 57, 230, 33
9, 50, 205, 35 
10, 46, 215, 32
10,55,190,31
11,47,195,27
13,53,205,28
7,57,235,34
9,59,220,36
12,52,170,25
14,54,165,26  
8,51,230,33
10,49,210,29 
9,60,200,35
13,48,185,24  
7,50,245,32
11,47,210,30 
12,58,180,26
9,56,215,31
14,46,155,23 
8,45,225,30  
10,53,180,28
13,52,190,27  
7,54,240,30 
11,59,205,34
12,55,175,27
10,47,200,26
9,50,210,32
13,46,180,25
7,51,250,33 
11,60,220,36  
14,49,160,24
12,48,165,23 
8,53,220,29
10,52,195,30
11,50,190,28 
9,58,210,35  
7,49,230,31 
13,54,200,26 
12,51,180,27
14,57,160,25
8,56,235,34
11,45,180,29
9,46,225,32   
13,55,195,29
10,48,220,28
7,44,255,35
12,53,190,30
